11000000
11000100
11010000
11020000
11030000
11040000
11050000
11060000
11080000
11090000
11100000
11110000
11120000
11130000
11140000
11170000
11170037
11180000
11190000
11200000
11210000
11230000
11240000
11250000
11260000
11270000
11280000
11290000
11300000
11300037
11310000
11320000
11330000
11340000
11350000
11360000
11370000
11380000
11380007
11390000
11400000
11410000
11420000
11430000
11440000
11450000
11460000
11470000
11700000
11710000
11720000
11730000
11740000
11750000
11760000
11770000
11780000
11790000
11800000
